1
499
49839 999274
111274 310809
85357 668737
126753 497
594266 954026
652828 998438
761305 750541
135096 27552
292061 969342
908874 945947
999992 185710
814388 815187
758698 554915
699021 876670
956376 482764
645130 980709
826241 412605
835485 771447
602461 620414
1384 367541
891325 963728
957774 318717
985169 651695
4339 462451
6333 899212
145823 922824
976747 583999
941193 787514
10842 202680
891929 991972
443481 29845
247397 323542
996445 866056
653898 768199
11144 244795
999921 160339
120457 997252
707437 6062
867823 713222
756430 396904
84573 986088
768869 353859
802599 666003
326094 987563
74913 366865
506876 495745
24107 495947
158326 991432
3958 618867
758419 286489
422587 369652
935188 891883
346788 775940
819434 494179
775683 703206
705933 782977
5391 385281
2554 991432
832786 310513
362798 341948
285232 352195
957683 90735
969204 723634
994028 109948
408602 365141
43903 999838
5391 37884
124250 993459
685630 804005
380977 359474
999924 856207
331863 729134
107626 986088
590449 289643
760667 792880
530058 787653
484740 953331
58926 479526
386896 650777
545262 768395
999973 132094
448948 395634
403845 263905
98585 150609
29390 244795
509790 551207
956376 582146
106157 16957
895262 109948
145823 203396
285232 335509
774720 750541
607927 984645
117068 376238
51871 877627
552131 376238
489509 733001
334990 534820
402484 472157
75995 16834
590449 31770
679839 828746
37209 787653
32528 643007
389321 201632
247397 150609
377075 333614
492516 534820
813859 756861
985169 554913
378454 814591
11819 596603
632056 169793
997579 900550
616961 557800
976747 998555
86781 989111
271693 353859
975658 651695
91397 451157
528186 503843
911992 944205
99678 997671
811355 615120
246362 79944
751201 502538
126487 763
355487 396904
777665 720667
669096 282326
999979 185723
88045 865046
614358 430917
514654 837259
166427 92705
996191 298574
10842 618867
327887 796478
51442 997671
231373 596603
768858 217581
707437 606778
140569 239591
980307 543557
540951 877627
53337 42009
277795 180142
998159 209514
977493 633390
782008 988345
55718 742907
492986 996649
38568 84546
94812 892878
17657 807205
702984 515295
990577 304188
785944 935744
812529 339722
366183 828746
637187 907920
923040 445433
757831 540058
232619 909900
143287 24506
791783 415822
920405 345367
889561 440119
619563 352195
653898 520863
878955 825125
843255 510812
372064 205646
817878 266601
126947 140
169613 202659
957571 995907
263711 712470
3190 619635
661597 412934
471283 431235
542699 435155
415950 320127
189792 903922
11271 140
386896 657142
794394 431235
897702 594558
11819 495947
771330 812946
920405 5078
834676 458001
27380 367473
758419 574978
136749 13008
362798 453294
484339 297211
32528 62818
713865 783538
30106 922985
1778 990656
61087 429314
379462 642971
532448 775940
218422 664455
977493 715345
27988 366865
997086 160339
999510 856403
268739 982869
22858 393061
910104 668389
98353 298183
377075 706529
779946 986283
283384 10103
542699 101105
126753 334
770314 45778
957683 126796
905487 586773
834676 779589
826226 450265
999921 132091
47054 370417
645590 646389
997753 300136
7739 957174
545262 270826
639754 761343
901032 254413
358780 733001
669096 704186
408602 320127
566057 945947
935188 573397
999924 132094
51289 978290
110336 764305
600191 827652
843255 312190
73305 348460
957823 996159
4799 367473
935290 693634
947901 506307
939966 788741
625893 924835
726856 662910
1368 619635
898163 650129
599934 988638
809068 483813
57176 192018
999728 856403
642500 322413
136749 17968
748857 516915
849315 222813
929366 282747
440633 642971
758698 285954
716113 993412
283384 421362
57176 421839
10894 117016
1177 465613
999957 856240
795865 657481
204101 117016
711394 556793
553560 723699
863652 782977
4339 793887
58926 13842
588905 703206
838237 415822
941193 976760
750040 277296
530058 744327
857588 639815
892871 482764
775683 925483
975658 247217
117068 942824
292061 985198
132254 8513
981497 607075
998018 229049
929366 720667
804625 637525
702984 970694
78196 164162
484339 263905
91397 440119
16709 866168
825068 180142
24815 391104
600191 668389
465390 976760
940985 323542
30379 79208
414704 909900
27809 492245
74913 502797
990023 153276
305559 362191
995854 586773
946183 522419
716113 998673
868594 107587
697761 273997
145426 56226
195126 131180
175175 657142
254214 31770
528186 825881
720887 988638
902955 960528
415950 592794
800612 258845
205831 592794
175175 812515
699021 408574
484740 933838
890856 413249
990194 554913
340323 287009
85357 171323
15149 408574
739025 988345
824673 779589
576382 828995
169613 187566
91299 874576
86781 970694
935515 303331
812529 582199
639754 677952
514654 643007
443779 348460
47054 21392
78196 893011
109986 442412
995352 108624
935515 139016
756430 381559
43552 893011
72837 999838
496730 8513
830040 261055
997579 229488
772604 995907
329332 556793
259356 666003
919554 781170
7900 241551
961064 996154
995854 900550
124250 983067
207785 407320
735216 109366
178508 501113
770314 201329
366183 826862
111274 102248
155270 664455
127525 1801
506876 510799
17898 26092
990577 139615
805398 332591
991209 864704
333149 13062
226577 781170
705933 792880
601662 300856
556976 966888
22772 585594
308711 316841
321230 982255
653529 26092
492986 814591
576643 633390
274036 127695
969204 772969
277795 948684
194432 559662
365391 874576
569496 980709
41976 418694
263711 127695
970618 891883
30379 38573
63800 793529
10894 37884
143287 106164
510040 117292
496730 657481
53324 804005
29390 931720
1252 367541
644497 122224
821071 729134
995352 27552
655436 693634
304106 922373
354352 106318
166235 820204
149237 270826
774720 753217
39887 28559
998018 209373
97911 803130
634776 393061
226577 903615
2131 366794
10474 413249
995188 916362
735216 484164
892871 516915
508933 286489
161764 218396
739025 815187
961064 922837
217970 563580
91299 938280
780086 646389
389321 336386
60021 747210
878955 957178
998159 702617
813859 607075
198462 282326
308711 122224
999811 704269
999979 132088
259356 960024
73305 185827
516192 693841
957774 580748
406209 688769
443481 164885
44453 48376
97911 997252
921389 6062
957823 998555
761274 298183
927739 935744
831222 866056
451380 723699
751201 407320
863652 982869
323334 957178
379462 101326
645130 986283
838237 567140
321230 982699
576382 840263
99678 944063
889561 107587
939159 429314
775349 993162
198905 793529
652522 275847
628249 442412
766832 984645
831222 924835
802694 778351
816083 1801
935290 704960
940985 513223
409231 335509
386971 23812
406209 983557
60021 434242
34061 892878
386338 788741
40366 370417
274036 755
991209 863844
874321 637525
380977 606778
140569 180548
556976 998438
492239 824665
22772 390999
897702 147573
980307 570421
447717 90735
33230 79208
39108 744327
830040 899212
323334 980151
492239 657519
891325 907920
188590 13062
862849 991972
327887 483813
S
303